# wgpu-solver-backend dataset (text)
# generated inside worker; main thread should download

n 48
nnz 192

row_ptr_u32
len 49
0 2 5 8 10 13 16 19 24 29 32 37 42 45 50 55
58 63 68 71 76 81 84 89 94 97 102 107 110 115 120 123
128 133 136 141 146 149 154 159 162 167 172 174 178 182 184 188
192 

col_idx_u32
len 192
0 6 1 7 11 2 8 10 3 9 4 8 10 5 7 11
0 6 12 1 5 7 13 17 2 4 8 14 16 3 9 15
2 4 10 14 16 1 5 11 13 17 6 12 18 7 11 13
19 23 8 10 14 20 22 9 15 21 8 10 16 20 22 7
11 17 19 23 12 18 24 13 17 19 25 29 14 16 20 26
28 15 21 27 14 16 22 26 28 13 17 23 25 29 18 24
30 19 23 25 31 35 20 22 26 32 34 21 27 33 20 22
28 32 34 19 23 29 31 35 24 30 36 25 29 31 37 41
26 28 32 38 40 27 33 39 26 28 34 38 40 25 29 35
37 41 30 36 42 31 35 37 43 47 32 34 38 44 46 33
39 45 32 34 40 44 46 31 35 41 43 47 36 42 37 41
43 47 38 40 44 46 39 45 38 40 44 46 37 41 43 47

values_f32
len 192
5.515082000e7 -2.757541000e7 9.333216000e6 -4.666608000e6 1.458315136e9 9.333216000e6 -4.666608000e6 1.458315136e9
2.420283200e8 -1.210141600e8 9.278912594e11 -1.458315136e9 4.475013366e11 1.140884374e12 -1.458315136e9 3.410048123e11
-2.757541000e7 5.515082000e7 -2.757541000e7 -4.666608000e6 -1.458315136e9 9.333216000e6 -4.666608000e6 1.458315136e9
-4.666608000e6 -1.458315136e9 9.333216000e6 -4.666608000e6 1.458315136e9 -1.210141600e8 2.420283200e8 -1.210141600e8
1.458315136e9 4.475013366e11 9.278912594e11 -1.458315136e9 4.475013366e11 1.458315136e9 3.410048123e11 1.140884374e12
-1.458315136e9 3.410048123e11 -2.757541000e7 5.515082000e7 -2.757541000e7 -4.666608000e6 -1.458315136e9 9.333216000e6
-4.666608000e6 1.458315136e9 -4.666608000e6 -1.458315136e9 9.333216000e6 -4.666608000e6 1.458315136e9 -1.210141600e8
2.420283200e8 -1.210141600e8 1.458315136e9 4.475013366e11 9.278912594e11 -1.458315136e9 4.475013366e11 1.458315136e9
3.410048123e11 1.140884374e12 -1.458315136e9 3.410048123e11 -2.757541000e7 5.515082000e7 -2.757541000e7 -4.666608000e6
-1.458315136e9 9.333216000e6 -4.666608000e6 1.458315136e9 -4.666608000e6 -1.458315136e9 9.333216000e6 -4.666608000e6
1.458315136e9 -1.210141600e8 2.420283200e8 -1.210141600e8 1.458315136e9 4.475013366e11 9.278912594e11 -1.458315136e9
4.475013366e11 1.458315136e9 3.410048123e11 1.140884374e12 -1.458315136e9 3.410048123e11 -2.757541000e7 5.515082000e7
-2.757541000e7 -4.666608000e6 -1.458315136e9 9.333216000e6 -4.666608000e6 1.458315136e9 -4.666608000e6 -1.458315136e9
9.333216000e6 -4.666608000e6 1.458315136e9 -1.210141600e8 2.420283200e8 -1.210141600e8 1.458315136e9 4.475013366e11
9.278912594e11 -1.458315136e9 4.475013366e11 1.458315136e9 3.410048123e11 1.140884374e12 -1.458315136e9 3.410048123e11
-2.757541000e7 5.515082000e7 -2.757541000e7 -4.666608000e6 -1.458315136e9 9.333216000e6 -4.666608000e6 1.458315136e9
-4.666608000e6 -1.458315136e9 9.333216000e6 -4.666608000e6 1.458315136e9 -1.210141600e8 2.420283200e8 -1.210141600e8
1.458315136e9 4.475013366e11 9.278912594e11 -1.458315136e9 4.475013366e11 1.458315136e9 3.410048123e11 1.140884374e12
-1.458315136e9 3.410048123e11 -2.757541000e7 5.515082000e7 -2.757541000e7 -4.666608000e6 -1.458315136e9 9.333216000e6
-4.666608000e6 1.458315136e9 -4.666608000e6 -1.458315136e9 9.333216000e6 -4.666608000e6 1.458315136e9 -1.210141600e8
2.420283200e8 -1.210141600e8 1.458315136e9 4.475013366e11 9.278912594e11 -1.458315136e9 4.475013366e11 1.458315136e9
3.410048123e11 1.140884374e12 -1.458315136e9 3.410048123e11 -2.757541000e7 2.757541000e7 -4.666608000e6 -1.458315136e9
4.666608000e6 -1.458315136e9 -4.666608000e6 -1.458315136e9 4.666608000e6 -1.458315136e9 -1.210141600e8 1.210141600e8
1.458315136e9 4.475013366e11 -1.458315136e9 4.639456297e11 1.458315136e9 3.410048123e11 -1.458315136e9 5.704421868e11

b_f32
len 48
0.000000000e0 -6.250000000e4 0.000000000e0 0.000000000e0 0.000000000e0 0.000000000e0 0.000000000e0 -6.250000000e4
0.000000000e0 0.000000000e0 0.000000000e0 0.000000000e0 0.000000000e0 -6.250000000e4 0.000000000e0 0.000000000e0
0.000000000e0 0.000000000e0 0.000000000e0 -6.250000000e4 0.000000000e0 0.000000000e0 0.000000000e0 0.000000000e0
0.000000000e0 -6.250000000e4 0.000000000e0 0.000000000e0 0.000000000e0 0.000000000e0 0.000000000e0 -6.250000000e4
0.000000000e0 0.000000000e0 0.000000000e0 0.000000000e0 0.000000000e0 -6.250000000e4 0.000000000e0 0.000000000e0
0.000000000e0 0.000000000e0 0.000000000e0 -3.135000000e4 0.000000000e0 0.000000000e0 0.000000000e0 0.000000000e0

x0_f32
len 48
0.000000000e0 0.000000000e0 0.000000000e0 0.000000000e0 0.000000000e0 0.000000000e0 0.000000000e0 0.000000000e0
0.000000000e0 0.000000000e0 0.000000000e0 0.000000000e0 0.000000000e0 0.000000000e0 0.000000000e0 0.000000000e0
0.000000000e0 0.000000000e0 0.000000000e0 0.000000000e0 0.000000000e0 0.000000000e0 0.000000000e0 0.000000000e0
0.000000000e0 0.000000000e0 0.000000000e0 0.000000000e0 0.000000000e0 0.000000000e0 0.000000000e0 0.000000000e0
0.000000000e0 0.000000000e0 0.000000000e0 0.000000000e0 0.000000000e0 0.000000000e0 0.000000000e0 0.000000000e0
0.000000000e0 0.000000000e0 0.000000000e0 0.000000000e0 0.000000000e0 0.000000000e0 0.000000000e0 0.000000000e0

block_starts_u32
len 9
0 6 12 18 24 30 36 42 48 

